00000000001000100000000000100000
00000000100001010001100000100010
00000000111010000011000000100101
00000001010010110100100000100100
00000000001000100000000000000100
00000000100001010001100000000110
00100000111001100000000000001110
00101001001010000000000000000100
00110101011010100000000000000100
00010001010000001111111111111100
00010100000000001111111111111100
00001000000000000000000000000000
10000011111000010000000000000000
10000111110000100000000000000000
10001111011000110000000000000000

10000000001001000000000000000000
10000100010010100000000000000000
10001100011010100000000000000000